0 58.69 55.85 4297.42 48.44
1 64.67 59.79 4200.05 51.04
2 68.25 61.77 4137.58 53.02
3 71.08 62.65 4100.11 53.82
4 72.85 63.97 4103.21 54.57
5 74.79 64.31 4089.46 54.36
6 75.78 64.32 4067.51 54.55
7 76.65 64.33 4072.32 55.09
8 77.55 64.56 4074.01 55.09
9 78.17 64.69 4073.59 55.24
10 78.93 64.34 4071.31 57.32
11 79.05 63.83 4075.81 56.08
12 79.60 63.74 4070.79 55.63
13 80.02 64.13 4061.92 55.98
14 80.16 64.36 4076.29 56.63
15 80.37 64.05 4056.26 55.78
16 80.30 63.40 4065.19 56.87
17 80.36 64.27 4056.59 56.93
18 80.51 64.01 4039.19 56.53
19 80.43 63.47 4040.45 56.33
20 80.54 63.71 4060.21 55.71
21 80.45 63.48 4059.40 56.30
22 80.04 63.36 4068.08 57.94
23 80.32 63.08 4076.02 57.25
24 79.79 62.75 4050.38 57.97
25 79.79 62.64 4069.95 57.28
26 79.72 61.85 4091.31 57.63
27 79.69 62.33 4077.64 57.39
28 79.22 62.38 4067.52 56.78
29 79.77 63.16 4080.12 57.12
